110
109
105
109
109
110
110
108
110
109
108
108
108
109
110
109
108
109
110
109
107
108
108
109
106
108
110
112
108
110
106
108
110
106
105
110
108
107
110
108
112
110
108
108
109
109
110
108
108
112
110
105
108
107
111
108
107
111
109
108
106
105
108
109
104
106
106
108
108
103
107
106
103
104
105
107
107
107
106
105
108
108
104
108
107
108
107
110
107
108
108
110
110
108
111
109
111
112
110
109
111
110
113
114
112
115
112
111
112
113
112
114
111
114
114
112
112
115
108
117
114
117
120
115
116
120
118
118
118
119
116
119
120
120
121
119
119
120
124
121
114
117
125
124
116
114
109
108
107
106
107
105
111
110
108
109
106
108
99
108
102
104
104
104
106
108
121
117
112
114
118
126
120
119
119
124
124
120
119
118
124
123
121
118
122
119
125
123
122
123
121
114
117
117
118
118
118
109
109
112
111
112
107
110
109
111
112
112
113
113
111
112
112
117
117
114
120
117
120
118
118
124
121
119
119
123
121
120
122
119
118
114
116
120
116
117
110
106
111
111
108
107
110
107
109
112
120
117
112
112
117
124
122
118
119
123
124
123
121
119
116
121
114
114
116
118
115
111
111
106
111
110
115
116
117
114
117
120
116
114
120
114
118
116
120
126
113
118
98
120
126
120
116
115
117
120
118
115
103
109
120
123
120
118
115
107
111
124
125
118
116
106
115
120
119
119
119
120
108
107
114
121
120
126
119
116
112
110
119
123
122
122
122
109
109
118
118
123
121
119
120
107
112
118
121
121
121
118
112
108
120
125
120
118
122
114
112
113
115
121
121
120
116
112
115
121
120
124
121
122
114
110
120
120
122
124
118
115
112
107
115
122
123
116
120
123
122
118
113
120
123
122
118
113
113
117
116
113
104
99
96
97
96
96
96
93
95
93
95
90
94
91
89
93
99
101
100
110
110
114
115
115
119
124
118
120
119
120
120
120
116
118
117
117
121
107
109
108
108
108
103
103
107
105
110
104
110
112
96
99
112
106
108
107
94
103
114
112
111
98
102
110
108
108
109
105
102
108
109
107
98
96
112
103
103
100
96
100
102
101
97
99
101
98
99
99
102
102
97
98
104
101
99
97
105
97
100
101
103
99
97
103
93
86
106
98
104
100
96
86
102
104
103
101
99
97
100
103
99
97
99
98
96
96
99
98
98
95
96
97
95
97
96
94
94
96
96
98
100
99
99
96
98
94
99
94
96
91
98
95
94
94
98
86
91
99
98
96
99
93
90
102
98
96
96
92
95
96
96
92
96
87
93
93
97
96
92
93
92
94
92
89
96
94
96
96
93
96
95
95
91
92
94
92
95
94
95
92
86
88
88
85
88
88
85
87
88
84
85
86
84
85
87
86
85
83
87
85
84
84
83
86
83
83
84
80
80
81
85
84
81
81
84
83
83
82
83
80
83
82
83
83
83
84
80
81
81
83
84
83
86
83
81
82
85
85
83
80
82
82
79
80
81
86
83
73
67
70
73
73
69
72
72
71
71
73
68
72
71
69
74
74
73
72
79
76
76
77
83
82
78
79
73
71
72
75
77
78
79
79
76
76
73
78
74
72
72
69
75
68
73
68
63
64
63
67
64
64
64
64
60
61
62
59
57
60
58
58
62
58
63
59
63
60
60
59
60
62
62
64
60
59
64
64
64
64
64
62
62
63
60
63
64
61
63
64
65
65
78
83
88
90
93
95
94
96
97
99
96
101
98
103
99
100
99
99
97
97
94
96
96
95
91
94
89
96
87
90
88
89
88
86
87
88
82
89
89
84
85
88
90
