90
88
90
88
91
91
88
93
88
81
86
84
82
86
85
89
89
92
92
95
94
90
87
88
91
86
79
84
87
86
78
81
84
86
88
86
85
83
81
83
85
85
86
88
87
88
88
84
83
80
83
87
81
79
87
80
81
79
84
85
87
88
89
86
83
81
83
89
78
83
86
86
90
78
88
83
82
84
84
85
82
80
86
86
86
84
84
86
95
95
94
95
95
98
96
96
96
95
94
93
92
92
90
95
101
96
99
101
104
101
102
102
107
103
108
105
107
112
109
112
110
112
111
112
110
113
108
106
111
107
104
105
100
99
97
99
99
96
94
96
96
96
94
94
92
95
92
90
89
90
90
91
88
90
90
93
93
93
97
103
104
109
108
108
107
109
112
108
114
110
110
111
112
113
110
110
108
103
108
103
102
99
99
100
109
107
103
102
113
111
108
107
115
114
111
116
124
123
123
115
124
120
123
118
110
123
116
108
108
111
108
107
107
107
105
103
105
107
92
90
84
81
86
91
114
116
110
127
106
88
88
72
68
63
57
55
55
44
33
58
43
46
21
20
27
19
29
32
34
58
76
113
121
106
104
117
119
120
97
83
91
87
86
77
70
71
68
68
67
56
64
51
54
51
44
46
46
40
40
45
49
46
46
49
47
46
63
70
74
92
96
96
96
103
103
119
110
108
119
119
119
118
120
124
122
120
120
122
123
124
126
120
118
112
122
117
125
111
116
128
121
122
121
124
112
119
118
123
121
121
124
114
115
116
112
119
124
121
120
120
118
113
108
120
115
124
124
120
123
118
103
112
121
122
126
120
117
106
114
116
125
128
124
124
113
105
123
115
124
116
115
117
112
118
117
114
116
117
121
120
120
117
110
111
115
120
124
118
119
115
118
114
113
117
117
115
115
116
115
116
116
118
119
118
118
120
117
118
121
121
119
118
120
116
119
120
120
191
21
20
21
19
32
7
44
33
16
16
0
9
15
12
10
15
13
19
22
16
17
20
22
20
20
22
21
30
24
30
32
31
39
39
33
33
45
44
38
44
43
41
41
43
42
44
48
41
41
42
46
48
44
41
43
45
42
45
46
47
47
43
44
46
42
44
44
44
48
52
48
50
50
51
57
52
56
52
57
51
52
55
51
