-122
-123
-126
-122
-124
-125
-122
-123
-125
-126
-124
-123
-124
-126
-127
-123
-127
-122
-125
-126
-125
-124
-125
-124
-124
-122
-124
-124
-124
-122
-125
-124
-122
-126
-126
-125
-122
-122
-124
-125
-123
-127
-125
-123
-127
-124
-125
-126
-125
-126
-123
-122
-126
-125
-124
-127
-125
-127
-124
-126
-121
-123
-126
-121
-122
-122
-122
-124
-125
-125
-125
-123
-125
-123
-122
-122
-125
-125
-123
-125
-125
-123
-126
-123
-124
-125
-124
-124
-125
-127
-124
-123
-127
-126
-122
-126
-125
-125
-124
-125
-123
-124
-127
-122
-127
-122
-124
-125
-126
-126
-125
-125
-126
-126
-124
-125
-122
-124
-122
-124
-124
-128
-125
-126
-126
-126
-125
-124
-124
-127
-121
-124
-125
-126
-123
-126
-124
-122
-124
-124
-123
-124
-127
-126
-123
-128
-124
-127
-124
-123
-124
-125
-125
-124
-125
-123
-127
-124
-122
-126
-124
-125
-125
-126
-125
-127
-124
-127
-126
-123
-125
-125
-123
-125
-123
-127
-125
-125
-124
-124
-124
-125
-123
-125
-124
-125
-124
-124
-122
-127
-124
-125
-124
-125
-125
-125
-127
-123
-125
-124
-125
-123
-122
-125
-125
-126
-124
-128
-123
-125
-121
-123
-124
-123
-123
-126
-126
-125
-122
-125
-123
-125
-122
-123
-124
-125
-125
-123
-122
-125
-124
-125
-125
-124
-121
-123
-122
-123
-126
-127
-122
-125
-124
-121
-122
-125
-109
-132
-133
-132
-95
-127
-114
-124
-132
-32
-122
-133
-117
-132
-152
-117
-208
-47
-160
-115
-128
-112
-124
-112
-139
-94
-103
-64
-74
-36
2
13
28
48
45
45
52
68
78
78
93
89
89
98
93
92
97
92
94
85
97
96
86
88
92
91
91
86
88
92
90
96
95
96
98
96
96
98
95
96
96
97
98
96
97
97
98
96
97
94
95
96
96
97
92
108
96
94
92
95
96
92
94
92
95
94
94
96
97
94
96
99
96
96
96
97
96
97
99
99
99
97
99
96
96
98
96
98
94
98
96
97
99
111
99
106
111
107
111
112
113
110
113
113
113
109
108
112
108
109
110
112
109
108
113
108
107
113
111
109
114
120
114
117
117
115
115
114
120
111
113
117
117
114
118
115
116
114
117
115
119
107
108
113
106
108
111
114
101
103
103
96
98
100
110
112
117
114
118
114
118
117
117
117
112
119
118
119
124
122
120
117
114
118
115
106
90
120
129
130
110
119
111
116
115
119
96
104
135
75
125
126
133
125
127
118
38
123
107
100
96
84
84
85
80
82
84
77
83
80
80
79
81
80
79
81
78
75
74
70
66
64
64
64
60
61
63
59
63
60
56
54
59
59
58
62
64
76
79
83
91
89
92
97
99
96
100
96
101
100
108
104
109
109
108
112
108
110
111
106
109
113
112
109
109
107
107
105
99
104
102
100
104
100
101
105
107
105
108
110
107
108
108
110
111
106
110
108
111
108
110
107
110
110
109
108
110
107
109
110
108
110
110
109
105
109
109
110
110
112
110
110
108
108
111
111
108
111
110
105
110
108
108
111
108
109
109
111
107
110
110
107
105
110
109
111
108
111
106
110
110
109
110
111
110
109
112
110
110
109
110
109
111
112
110
110
112
108
108
111
110
111
113
112
110
111
108
109
106
110
110
107
111
106
107
111
112
108
108
108
108
108
107
107
109
108
110
109
108
108
110
110
105
109
107
108
107
109
105
106
106
109
108
109
107
109
108
108
108
103
110
109
109
109
108
107
110
105
107
112
108
110
110
106
110
108
108
109
108
109
106
108
108
108
108
110
108
110
107
107
109
112
101
101
102
106
107
105
110
107
105
102
100
100
103
100
103
101
104
101
102
103
105
106
107
108
107
108
111
112
111
108
112
111
108
108
110
110
110
112
109
105
108
111
109
106
109
108
109
106
108
108
108
109
108
112
106
109
108
108
107
109
110
106
107
108
108
110
108
108
107
107
110
108
110
111
109
110
108
110
108
110
109
108
